

1
1 2
1 2 3
1 2 3
1 2 3 5
1 2 3 5
1 2 3 5
1 2 3 5
1 2 3 5
1 2 3 5 10
1 2 3 5 10
1 2 3 5 10 12
1 2 3 5 10 12 13
1 2 3 5 10 12 13 14
1 2 3 5 10 12 13 14 15
1 2 3 5 10 12 13 14 15
1 2 3 5 10 12 13 14 15 17
1 2 3 5 10 12 13 14 15 17
1 2 3 5 10 12 13 14 15 17
1 2 3 5 10 12 13 14 15 17
1 2 3 5 10 12 13 14 15 17 21
1 2 3 5 10 12 13 14 15 17 21
1 2 3 5 10 12 13 14 15 17 21 23
1 2 3 5 10 12 13 14 15 17 21 23 24
1 2 3 5 10 12 13 14 15 17 21 23 24 25
1 2 3 5 10 12 13 14 15 17 21 23 24 25 26
1 2 3 5 10 12 13 14 15 17 21 23 24 25 26 27
1 2 3 5 10 12 13 14 15 17 21 23 24 25 26 27
1 2 3 5 10 12 13 14 15 17 21 23 24 25 26 27
1 2 3 5 10 12 13 14 15 17 21 23 24 25 26 27
1 2 3 5 10 12 13 14 15 17 21 23 24 25 26 27
1 2 3 5 10 12 13 14 15 17 21 23 24 25 26 27
1 2 3 5 10 12 13 14 15 17 21 23 24 25 26 27 33
1 2 3 5 10 12 13 14 15 17 21 23 24 25 26 27 33 34
1 2 3 5 10 12 13 14 15 17 21 23 24 25 26 27 33 34
1 2 3 5 10 12 13 14 15 17 21 23 24 25 26 27 33 34
1 2 3 5 10 12 13 14 15 17 21 23 24 25 26 27 33 34
1 2 3 5 10 12 13 14 15 17 21 23 24 25 26 27 33 34
1 2 3 5 10 12 13 14 15 17 21 23 24 25 26 27 33 34 39
1 2 3 5 10 12 13 14 15 17 21 23 24 25 26 27 33 34 39
1 2 3 5 10 12 13 14 15 17 21 23 24 25 26 27 33 34 39
1 2 3 5 10 12 13 14 15 17 21 23 24 25 26 27 33 34 39 42
1 2 3 5 10 12 13 14 15 17 21 23 24 25 26 27 33 34 39 42
1 2 3 5 10 12 13 14 15 17 21 23 24 25 26 27 33 34 39 42 44
1 2 3 5 10 12 13 14 15 17 21 23 24 25 26 27 33 34 39 42 44 45
1 2 3 5 10 12 13 14 15 17 21 23 24 25 26 27 33 34 39 42 44 45
1 2 3 5 10 12 13 14 15 17 21 23 24 25 26 27 33 34 39 42 44 45 47
1 2 3 5 10 12 13 14 15 17 21 23 24 25 26 27 33 34 39 42 44 45 47 48
1 2 3 5 10 12 13 14 15 17 21 23 24 25 26 27 33 34 39 42 44 45 47 48
1 2 3 5 10 12 13 14 15 17 21 23 24 25 26 27 33 34 39 42 44 45 47 48
1 2 3 5 10 12 13 14 15 17 21 23 24 25 26 27 33 34 39 42 44 45 47 48
1 2 3 5 10 12 13 14 15 17 21 23 24 25 26 27 33 34 39 42 44 45 47 48
1 2 3 5 10 12 13 14 15 17 21 23 24 25 26 27 33 34 39 42 44 45 47 48
1 2 3 5 10 12 13 14 15 17 21 23 24 25 26 27 33 34 39 42 44 45 47 48 54
1 2 3 5 10 12 13 14 15 17 21 23 24 25 26 27 33 34 39 42 44 45 47 48 54 55
1 2 3 5 10 12 13 14 15 17 21 23 24 25 26 27 33 34 39 42 44 45 47 48 54 55
1 2 3 5 10 12 13 14 15 17 21 23 24 25 26 27 33 34 39 42 44 45 47 48 54 55
1 2 3 5 10 12 13 14 15 17 21 23 24 25 26 27 33 34 39 42 44 45 47 48 54 55
1 2 3 5 10 12 13 14 15 17 21 23 24 25 26 27 33 34 39 42 44 45 47 48 54 55 59
1 2 3 5 10 12 13 14 15 17 21 23 24 25 26 27 33 34 39 42 44 45 47 48 54 55 59
1 2 3 5 10 12 13 14 15 17 21 23 24 25 26 27 33 34 39 42 44 45 47 48 54 55 59
1 2 3 5 10 12 13 14 15 17 21 23 24 25 26 27 33 34 39 42 44 45 47 48 54 55 59
1 2 3 5 10 12 13 14 15 17 21 23 24 25 26 27 33 34 39 42 44 45 47 48 54 55 59
1 2 3 5 10 12 13 14 15 17 21 23 24 25 26 27 33 34 39 42 44 45 47 48 54 55 59 64
1 2 3 5 10 12 13 14 15 17 21 23 24 25 26 27 33 34 39 42 44 45 47 48 54 55 59 64
1 2 3 5 10 12 13 14 15 17 21 23 24 25 26 27 33 34 39 42 44 45 47 48 54 55 59 64
1 2 3 5 10 12 13 14 15 17 21 23 24 25 26 27 33 34 39 42 44 45 47 48 54 55 59 64
1 2 3 5 10 12 13 14 15 17 21 23 24 25 26 27 33 34 39 42 44 45 47 48 54 55 59 64
1 2 3 5 10 12 13 14 15 17 21 23 24 25 26 27 33 34 39 42 44 45 47 48 54 55 59 64
1 2 3 5 10 12 13 14 15 17 21 23 24 25 26 27 33 34 39 42 44 45 47 48 54 55 59 64 70
1 2 3 5 10 12 13 14 15 17 21 23 24 25 26 27 33 34 39 42 44 45 47 48 54 55 59 64 70
1 2 3 5 10 12 13 14 15 17 21 23 24 25 26 27 33 34 39 42 44 45 47 48 54 55 59 64 70
1 2 3 5 10 12 13 14 15 17 21 23 24 25 26 27 33 34 39 42 44 45 47 48 54 55 59 64 70
1 2 3 5 10 12 13 14 15 17 21 23 24 25 26 27 33 34 39 42 44 45 47 48 54 55 59 64 70 74
1 2 3 5 10 12 13 14 15 17 21 23 24 25 26 27 33 34 39 42 44 45 47 48 54 55 59 64 70 74 75
1 2 3 5 10 12 13 14 15 17 21 23 24 25 26 27 33 34 39 42 44 45 47 48 54 55 59 64 70 74 75
1 2 3 5 10 12 13 14 15 17 21 23 24 25 26 27 33 34 39 42 44 45 47 48 54 55 59 64 70 74 75
1 2 3 5 10 12 13 14 15 17 21 23 24 25 26 27 33 34 39 42 44 45 47 48 54 55 59 64 70 74 75
1 2 3 5 10 12 13 14 15 17 21 23 24 25 26 27 33 34 39 42 44 45 47 48 54 55 59 64 70 74 75 79
1 2 3 5 10 12 13 14 15 17 21 23 24 25 26 27 33 34 39 42 44 45 47 48 54 55 59 64 70 74 75 79
1 2 3 5 10 12 13 14 15 17 21 23 24 25 26 27 33 34 39 42 44 45 47 48 54 55 59 64 70 74 75 79
1 2 3 5 10 12 13 14 15 17 21 23 24 25 26 27 33 34 39 42 44 45 47 48 54 55 59 64 70 74 75 79
1 2 3 5 10 12 13 14 15 17 21 23 24 25 26 27 33 34 39 42 44 45 47 48 54 55 59 64 70 74 75 79
1 2 3 5 10 12 13 14 15 17 21 23 24 25 26 27 33 34 39 42 44 45 47 48 54 55 59 64 70 74 75 79 84
1 2 3 5 10 12 13 14 15 17 21 23 24 25 26 27 33 34 39 42 44 45 47 48 54 55 59 64 70 74 75 79 84 85
1 2 3 5 10 12 13 14 15 17 21 23 24 25 26 27 33 34 39 42 44 45 47 48 54 55 59 64 70 74 75 79 84 85
1 2 3 5 10 12 13 14 15 17 21 23 24 25 26 27 33 34 39 42 44 45 47 48 54 55 59 64 70 74 75 79 84 85
1 2 3 5 10 12 13 14 15 17 21 23 24 25 26 27 33 34 39 42 44 45 47 48 54 55 59 64 70 74 75 79 84 85
1 2 3 5 10 12 13 14 15 17 21 23 24 25 26 27 33 34 39 42 44 45 47 48 54 55 59 64 70 74 75 79 84 85
1 2 3 5 10 12 13 14 15 17 21 23 24 25 26 27 33 34 39 42 44 45 47 48 54 55 59 64 70 74 75 79 84 85
1 2 3 5 10 12 13 14 15 17 21 23 24 25 26 27 33 34 39 42 44 45 47 48 54 55 59 64 70 74 75 79 84 85
1 2 3 5 10 12 13 14 15 17 21 23 24 25 26 27 33 34 39 42 44 45 47 48 54 55 59 64 70 74 75 79 84 85 92
1 2 3 5 10 12 13 14 15 17 21 23 24 25 26 27 33 34 39 42 44 45 47 48 54 55 59 64 70 74 75 79 84 85 92
1 2 3 5 10 12 13 14 15 17 21 23 24 25 26 27 33 34 39 42 44 45 47 48 54 55 59 64 70 74 75 79 84 85 92
1 2 3 5 10 12 13 14 15 17 21 23 24 25 26 27 33 34 39 42 44 45 47 48 54 55 59 64 70 74 75 79 84 85 92
1 2 3 5 10 12 13 14 15 17 21 23 24 25 26 27 33 34 39 42 44 45 47 48 54 55 59 64 70 74 75 79 84 85 92
1 2 3 5 10 12 13 14 15 17 21 23 24 25 26 27 33 34 39 42 44 45 47 48 54 55 59 64 70 74 75 79 84 85 92 97
1 2 3 5 10 12 13 14 15 17 21 23 24 25 26 27 33 34 39 42 44 45 47 48 54 55 59 64 70 74 75 79 84 85 92 97
