(100.0%) 1 [5 blind]
(50.0%) 1 [11 blind]
(66.66666666666667%) 1 3 [3 blind]
(75.0%) 1 3 4 [6 blind]
(80.0%) 1 3 4 5 [3 blind]
(83.33333333333333%) 1 3 4 5 6 [3 blind]
(71.42857142857143%) 1 3 4 5 6 [11 blind]
(62.5%) 1 3 4 5 6 [3 blind]
(66.66666666666667%) 1 3 4 5 6 9 [6 blind]
(70.0%) 1 3 4 5 6 9 10 [1 blind]
(72.72727272727273%) 1 3 4 5 6 9 10 11 [4 blind]
(75.0%) 1 3 4 5 6 9 10 11 12 [6 blind]
(76.92307692307692%) 1 3 4 5 6 9 10 11 12 13 [2 blind]
(71.42857142857143%) 1 3 4 5 6 9 10 11 12 13 [0 blind]
(66.66666666666667%) 1 3 4 5 6 9 10 11 12 13 [11 blind]
(68.75%) 1 3 4 5 6 9 10 11 12 13 16 [3 blind]
(70.58823529411765%) 1 3 4 5 6 9 10 11 12 13 16 17 [3 blind]
(72.22222222222223%) 1 3 4 5 6 9 10 11 12 13 16 17 18 [0 blind]
(68.42105263157895%) 1 3 4 5 6 9 10 11 12 13 16 17 18 [11 blind]
(70.0%) 1 3 4 5 6 9 10 11 12 13 16 17 18 20 [3 blind]
(66.66666666666667%) 1 3 4 5 6 9 10 11 12 13 16 17 18 20 [3 blind]
(63.63636363636363%) 1 3 4 5 6 9 10 11 12 13 16 17 18 20 [11 blind]
(65.21739130434783%) 1 3 4 5 6 9 10 11 12 13 16 17 18 20 23 [8 blind]
(62.5%) 1 3 4 5 6 9 10 11 12 13 16 17 18 20 23 [7 blind]
(64.0%) 1 3 4 5 6 9 10 11 12 13 16 17 18 20 23 25 [3 blind]
(61.53846153846154%) 1 3 4 5 6 9 10 11 12 13 16 17 18 20 23 25 [6 blind]
(59.25925925925926%) 1 3 4 5 6 9 10 11 12 13 16 17 18 20 23 25 [11 blind]
(60.714285714285715%) 1 3 4 5 6 9 10 11 12 13 16 17 18 20 23 25 28 [0 blind]
(62.06896551724138%) 1 3 4 5 6 9 10 11 12 13 16 17 18 20 23 25 28 29 [2 blind]
(63.333333333333336%) 1 3 4 5 6 9 10 11 12 13 16 17 18 20 23 25 28 29 30 [4 blind]
(64.51612903225806%) 1 3 4 5 6 9 10 11 12 13 16 17 18 20 23 25 28 29 30 31 [4 blind]
(65.625%) 1 3 4 5 6 9 10 11 12 13 16 17 18 20 23 25 28 29 30 31 32 [2 blind]
(63.63636363636363%) 1 3 4 5 6 9 10 11 12 13 16 17 18 20 23 25 28 29 30 31 32 [6 blind]
(64.70588235294117%) 1 3 4 5 6 9 10 11 12 13 16 17 18 20 23 25 28 29 30 31 32 34 [7 blind]
(62.857142857142854%) 1 3 4 5 6 9 10 11 12 13 16 17 18 20 23 25 28 29 30 31 32 34 [2 blind]
(63.888888888888886%) 1 3 4 5 6 9 10 11 12 13 16 17 18 20 23 25 28 29 30 31 32 34 36 [2 blind]
(62.16216216216216%) 1 3 4 5 6 9 10 11 12 13 16 17 18 20 23 25 28 29 30 31 32 34 36 [11 blind]
(63.1578947368421%) 1 3 4 5 6 9 10 11 12 13 16 17 18 20 23 25 28 29 30 31 32 34 36 38 [0 blind]
(64.1025641025641%) 1 3 4 5 6 9 10 11 12 13 16 17 18 20 23 25 28 29 30 31 32 34 36 38 39 [3 blind]
(62.5%) 1 3 4 5 6 9 10 11 12 13 16 17 18 20 23 25 28 29 30 31 32 34 36 38 39 [4 blind]
(63.41463414634146%) 1 3 4 5 6 9 10 11 12 13 16 17 18 20 23 25 28 29 30 31 32 34 36 38 39 41 [6 blind]
(61.904761904761905%) 1 3 4 5 6 9 10 11 12 13 16 17 18 20 23 25 28 29 30 31 32 34 36 38 39 41 [11 blind]
(62.7906976744186%) 1 3 4 5 6 9 10 11 12 13 16 17 18 20 23 25 28 29 30 31 32 34 36 38 39 41 43 [10 blind]
(61.36363636363637%) 1 3 4 5 6 9 10 11 12 13 16 17 18 20 23 25 28 29 30 31 32 34 36 38 39 41 43 [11 blind]
(60.0%) 1 3 4 5 6 9 10 11 12 13 16 17 18 20 23 25 28 29 30 31 32 34 36 38 39 41 43 [11 blind]
(60.869565217391305%) 1 3 4 5 6 9 10 11 12 13 16 17 18 20 23 25 28 29 30 31 32 34 36 38 39 41 43 46 [1 blind]
(61.702127659574465%) 1 3 4 5 6 9 10 11 12 13 16 17 18 20 23 25 28 29 30 31 32 34 36 38 39 41 43 46 47 [3 blind]
(62.5%) 1 3 4 5 6 9 10 11 12 13 16 17 18 20 23 25 28 29 30 31 32 34 36 38 39 41 43 46 47 48 [5 blind]
(61.224489795918366%) 1 3 4 5 6 9 10 11 12 13 16 17 18 20 23 25 28 29 30 31 32 34 36 38 39 41 43 46 47 48 [11 blind]
(62.0%) 1 3 4 5 6 9 10 11 12 13 16 17 18 20 23 25 28 29 30 31 32 34 36 38 39 41 43 46 47 48 50 [2 blind]
(62.745098039215684%) 1 3 4 5 6 9 10 11 12 13 16 17 18 20 23 25 28 29 30 31 32 34 36 38 39 41 43 46 47 48 50 51 [3 blind]
(63.46153846153846%) 1 3 4 5 6 9 10 11 12 13 16 17 18 20 23 25 28 29 30 31 32 34 36 38 39 41 43 46 47 48 50 51 52 [7 blind]
(64.15094339622641%) 1 3 4 5 6 9 10 11 12 13 16 17 18 20 23 25 28 29 30 31 32 34 36 38 39 41 43 46 47 48 50 51 52 53 [1 blind]
(64.81481481481481%) 1 3 4 5 6 9 10 11 12 13 16 17 18 20 23 25 28 29 30 31 32 34 36 38 39 41 43 46 47 48 50 51 52 53 54 [3 blind]
(65.45454545454545%) 1 3 4 5 6 9 10 11 12 13 16 17 18 20 23 25 28 29 30 31 32 34 36 38 39 41 43 46 47 48 50 51 52 53 54 55 [7 blind]
(64.28571428571429%) 1 3 4 5 6 9 10 11 12 13 16 17 18 20 23 25 28 29 30 31 32 34 36 38 39 41 43 46 47 48 50 51 52 53 54 55 [6 blind]
(64.91228070175438%) 1 3 4 5 6 9 10 11 12 13 16 17 18 20 23 25 28 29 30 31 32 34 36 38 39 41 43 46 47 48 50 51 52 53 54 55 57 [4 blind]
(65.51724137931035%) 1 3 4 5 6 9 10 11 12 13 16 17 18 20 23 25 28 29 30 31 32 34 36 38 39 41 43 46 47 48 50 51 52 53 54 55 57 58 [3 blind]
(64.40677966101696%) 1 3 4 5 6 9 10 11 12 13 16 17 18 20 23 25 28 29 30 31 32 34 36 38 39 41 43 46 47 48 50 51 52 53 54 55 57 58 [11 blind]
(63.333333333333336%) 1 3 4 5 6 9 10 11 12 13 16 17 18 20 23 25 28 29 30 31 32 34 36 38 39 41 43 46 47 48 50 51 52 53 54 55 57 58 [11 blind]
(63.9344262295082%) 1 3 4 5 6 9 10 11 12 13 16 17 18 20 23 25 28 29 30 31 32 34 36 38 39 41 43 46 47 48 50 51 52 53 54 55 57 58 61 [5 blind]
(64.51612903225806%) 1 3 4 5 6 9 10 11 12 13 16 17 18 20 23 25 28 29 30 31 32 34 36 38 39 41 43 46 47 48 50 51 52 53 54 55 57 58 61 62 [1 blind]
(65.07936507936508%) 1 3 4 5 6 9 10 11 12 13 16 17 18 20 23 25 28 29 30 31 32 34 36 38 39 41 43 46 47 48 50 51 52 53 54 55 57 58 61 62 63 [7 blind]
(64.0625%) 1 3 4 5 6 9 10 11 12 13 16 17 18 20 23 25 28 29 30 31 32 34 36 38 39 41 43 46 47 48 50 51 52 53 54 55 57 58 61 62 63 [11 blind]
(64.61538461538461%) 1 3 4 5 6 9 10 11 12 13 16 17 18 20 23 25 28 29 30 31 32 34 36 38 39 41 43 46 47 48 50 51 52 53 54 55 57 58 61 62 63 65 [5 blind]
(63.63636363636363%) 1 3 4 5 6 9 10 11 12 13 16 17 18 20 23 25 28 29 30 31 32 34 36 38 39 41 43 46 47 48 50 51 52 53 54 55 57 58 61 62 63 65 [3 blind]
(62.6865671641791%) 1 3 4 5 6 9 10 11 12 13 16 17 18 20 23 25 28 29 30 31 32 34 36 38 39 41 43 46 47 48 50 51 52 53 54 55 57 58 61 62 63 65 [11 blind]
(61.76470588235294%) 1 3 4 5 6 9 10 11 12 13 16 17 18 20 23 25 28 29 30 31 32 34 36 38 39 41 43 46 47 48 50 51 52 53 54 55 57 58 61 62 63 65 [6 blind]
(60.869565217391305%) 1 3 4 5 6 9 10 11 12 13 16 17 18 20 23 25 28 29 30 31 32 34 36 38 39 41 43 46 47 48 50 51 52 53 54 55 57 58 61 62 63 65 [11 blind]
(60.0%) 1 3 4 5 6 9 10 11 12 13 16 17 18 20 23 25 28 29 30 31 32 34 36 38 39 41 43 46 47 48 50 51 52 53 54 55 57 58 61 62 63 65 [2 blind]
(59.15492957746479%) 1 3 4 5 6 9 10 11 12 13 16 17 18 20 23 25 28 29 30 31 32 34 36 38 39 41 43 46 47 48 50 51 52 53 54 55 57 58 61 62 63 65 [11 blind]
(58.333333333333336%) 1 3 4 5 6 9 10 11 12 13 16 17 18 20 23 25 28 29 30 31 32 34 36 38 39 41 43 46 47 48 50 51 52 53 54 55 57 58 61 62 63 65 [11 blind]
(58.9041095890411%) 1 3 4 5 6 9 10 11 12 13 16 17 18 20 23 25 28 29 30 31 32 34 36 38 39 41 43 46 47 48 50 51 52 53 54 55 57 58 61 62 63 65 73 [10 blind]
(59.45945945945946%) 1 3 4 5 6 9 10 11 12 13 16 17 18 20 23 25 28 29 30 31 32 34 36 38 39 41 43 46 47 48 50 51 52 53 54 55 57 58 61 62 63 65 73 74 [0 blind]
(58.666666666666664%) 1 3 4 5 6 9 10 11 12 13 16 17 18 20 23 25 28 29 30 31 32 34 36 38 39 41 43 46 47 48 50 51 52 53 54 55 57 58 61 62 63 65 73 74 [5 blind]
(57.89473684210526%) 1 3 4 5 6 9 10 11 12 13 16 17 18 20 23 25 28 29 30 31 32 34 36 38 39 41 43 46 47 48 50 51 52 53 54 55 57 58 61 62 63 65 73 74 [11 blind]
(57.142857142857146%) 1 3 4 5 6 9 10 11 12 13 16 17 18 20 23 25 28 29 30 31 32 34 36 38 39 41 43 46 47 48 50 51 52 53 54 55 57 58 61 62 63 65 73 74 [11 blind]
(56.41025641025641%) 1 3 4 5 6 9 10 11 12 13 16 17 18 20 23 25 28 29 30 31 32 34 36 38 39 41 43 46 47 48 50 51 52 53 54 55 57 58 61 62 63 65 73 74 [11 blind]
(55.69620253164557%) 1 3 4 5 6 9 10 11 12 13 16 17 18 20 23 25 28 29 30 31 32 34 36 38 39 41 43 46 47 48 50 51 52 53 54 55 57 58 61 62 63 65 73 74 [0 blind]
(56.25%) 1 3 4 5 6 9 10 11 12 13 16 17 18 20 23 25 28 29 30 31 32 34 36 38 39 41 43 46 47 48 50 51 52 53 54 55 57 58 61 62 63 65 73 74 80 [3 blind]
(56.79012345679013%) 1 3 4 5 6 9 10 11 12 13 16 17 18 20 23 25 28 29 30 31 32 34 36 38 39 41 43 46 47 48 50 51 52 53 54 55 57 58 61 62 63 65 73 74 80 81 [10 blind]
(57.31707317073171%) 1 3 4 5 6 9 10 11 12 13 16 17 18 20 23 25 28 29 30 31 32 34 36 38 39 41 43 46 47 48 50 51 52 53 54 55 57 58 61 62 63 65 73 74 80 81 82 [0 blind]
(57.83132530120482%) 1 3 4 5 6 9 10 11 12 13 16 17 18 20 23 25 28 29 30 31 32 34 36 38 39 41 43 46 47 48 50 51 52 53 54 55 57 58 61 62 63 65 73 74 80 81 82 83 [2 blind]
(57.142857142857146%) 1 3 4 5 6 9 10 11 12 13 16 17 18 20 23 25 28 29 30 31 32 34 36 38 39 41 43 46 47 48 50 51 52 53 54 55 57 58 61 62 63 65 73 74 80 81 82 83 [4 blind]
(56.470588235294116%) 1 3 4 5 6 9 10 11 12 13 16 17 18 20 23 25 28 29 30 31 32 34 36 38 39 41 43 46 47 48 50 51 52 53 54 55 57 58 61 62 63 65 73 74 80 81 82 83 [11 blind]
(55.81395348837209%) 1 3 4 5 6 9 10 11 12 13 16 17 18 20 23 25 28 29 30 31 32 34 36 38 39 41 43 46 47 48 50 51 52 53 54 55 57 58 61 62 63 65 73 74 80 81 82 83 [4 blind]
(55.172413793103445%) 1 3 4 5 6 9 10 11 12 13 16 17 18 20 23 25 28 29 30 31 32 34 36 38 39 41 43 46 47 48 50 51 52 53 54 55 57 58 61 62 63 65 73 74 80 81 82 83 [11 blind]
(55.68181818181818%) 1 3 4 5 6 9 10 11 12 13 16 17 18 20 23 25 28 29 30 31 32 34 36 38 39 41 43 46 47 48 50 51 52 53 54 55 57 58 61 62 63 65 73 74 80 81 82 83 88 [4 blind]
(55.056179775280896%) 1 3 4 5 6 9 10 11 12 13 16 17 18 20 23 25 28 29 30 31 32 34 36 38 39 41 43 46 47 48 50 51 52 53 54 55 57 58 61 62 63 65 73 74 80 81 82 83 88 [11 blind]
(55.55555555555556%) 1 3 4 5 6 9 10 11 12 13 16 17 18 20 23 25 28 29 30 31 32 34 36 38 39 41 43 46 47 48 50 51 52 53 54 55 57 58 61 62 63 65 73 74 80 81 82 83 88 90 [1 blind]
(56.043956043956044%) 1 3 4 5 6 9 10 11 12 13 16 17 18 20 23 25 28 29 30 31 32 34 36 38 39 41 43 46 47 48 50 51 52 53 54 55 57 58 61 62 63 65 73 74 80 81 82 83 88 90 91 [1 blind]
(55.43478260869565%) 1 3 4 5 6 9 10 11 12 13 16 17 18 20 23 25 28 29 30 31 32 34 36 38 39 41 43 46 47 48 50 51 52 53 54 55 57 58 61 62 63 65 73 74 80 81 82 83 88 90 91 [11 blind]
(55.913978494623656%) 1 3 4 5 6 9 10 11 12 13 16 17 18 20 23 25 28 29 30 31 32 34 36 38 39 41 43 46 47 48 50 51 52 53 54 55 57 58 61 62 63 65 73 74 80 81 82 83 88 90 91 93 [3 blind]
(56.38297872340426%) 1 3 4 5 6 9 10 11 12 13 16 17 18 20 23 25 28 29 30 31 32 34 36 38 39 41 43 46 47 48 50 51 52 53 54 55 57 58 61 62 63 65 73 74 80 81 82 83 88 90 91 93 94 [7 blind]
(56.8421052631579%) 1 3 4 5 6 9 10 11 12 13 16 17 18 20 23 25 28 29 30 31 32 34 36 38 39 41 43 46 47 48 50 51 52 53 54 55 57 58 61 62 63 65 73 74 80 81 82 83 88 90 91 93 94 95 [5 blind]
(57.291666666666664%) 1 3 4 5 6 9 10 11 12 13 16 17 18 20 23 25 28 29 30 31 32 34 36 38 39 41 43 46 47 48 50 51 52 53 54 55 57 58 61 62 63 65 73 74 80 81 82 83 88 90 91 93 94 95 96 [5 blind]
(56.70103092783505%) 1 3 4 5 6 9 10 11 12 13 16 17 18 20 23 25 28 29 30 31 32 34 36 38 39 41 43 46 47 48 50 51 52 53 54 55 57 58 61 62 63 65 73 74 80 81 82 83 88 90 91 93 94 95 96 [3 blind]
(57.142857142857146%) 1 3 4 5 6 9 10 11 12 13 16 17 18 20 23 25 28 29 30 31 32 34 36 38 39 41 43 46 47 48 50 51 52 53 54 55 57 58 61 62 63 65 73 74 80 81 82 83 88 90 91 93 94 95 96 98 [9 blind]
